%一、功率数据
%1-4列代表 时间段、负荷功率、风机功率、光伏功率 (kW)
Pdata = ...
[1	64.3	163.1	0
2	65.5	201.47	0
3	66.7	154.26	0
4	66.9	140.29	0
5	67.5	200.29	0
6	67.7	250	    0
7	68	    154.26	0
8	68.2	125.64	0
9	70.2	182.87	0
10	71.9	211.67	0
11	71.9	214.11	0
12	71.9	224.41	0
13	70.7	158.26	0
14	70.7	135.45	0
15	71.3	163.1	0
16	72	    175.49	0
17	76.5	219.38	0
18	77.6	250	    0
19	78.7	168.04	0
20	78.8	124.56	0.06
21	90.6	170.15	0.96
22	93.8	201.47	2.11
23	94.7	231.44	4.04
24	94.8	250	    6.54
25	110.5	235.01	9.18
26	113.1	227.59	13.4
27	113.9	135.9	16.29
28	114.3	106.25	20.19
29	132.2	213.81	28.8
30	145.4	250	    34.78
31	145.2	221.25	31.62
32	145.1	204.14	39.61
33	154.1	246.62	46.08
34	157.4	250	    53.66
35	156.5	179.02	36.29
36	155.5	144.06	49.64
37	144	    197.36	76.96
38	142.2	227.91	66.81
39	142.1	215.96	55.57
40	142.1	218.44	88.62
41	125.3	212.28	87.02
42	118.9	210.15	54.04
43	116.9	153.76	63.44
44	115.9	124.77	101.59
45	115.4	90.46	104.11
46	115	    57.35	90.68
47	124.1	96.22	91.85
48	127.1	114.66	66.78
49	130.2	94.39	77.14
50	131.6	86.98	63.76
51	140.7	69.47	75.46
52	141.8	55.77	110.46
53	143.9	74.36	70.57
54	145.5	83.41	103.15
55	145.5	50.33	72.79
56	145.6	37.21	67.41
57	144.7	9.1	    28.94
58	144.4	1.34	23.89
59	145.2	19.54	19.75
60	145.3	33.06	31.53
61	149.6	2.02	40.48
62	150.3	0	    63.95
63	150.1	10.47	59.41
64	150	    16.35	50.76
65	203.5	21.07	41.64
66	207.2	27.11	23.39
67	207	    43.75	24.86
68	206.9	53.45	20.6
69	215.5	19.61	17.4
70	223.9	9.95	15.06
71	225	    72.19	13.59
72	225.5	120.28	22.08
73	233.9	81.91	18.2
74	237.5	76.88	12.15
75	236.6	62.81	5.37
76	236.1	56.82	2.07
77	215.4	34.9	0
78	211	    23.98	0
79	210.9	25.11	0
80	210.8	23.43	0
81	198	    58.69	0
82	197.9	93.67	0
83	198.5	93.49	0
84	198.6	99.55	0
85	180.8	56.82	0
86	177.2	26.01	0
87	177.8	16.74	0
88	177.9	6.97	0
89	161.5	18.98	0
90	147.3	23.12	0
91	147.2	44.43	0
92	147.2	55.64	0
93	117.2	92.41	0
94	107.5	109.01	0
95	62	    73.42	0
96	58.7	63.8	0];

%二、分时电价数据
%1-2列代表 售电电价、购电电价 (元/kWh)
Cn = zeros(96:2);
Cn(1:28,:)  = ones(28,1)*[0.22, 0.25];
Cn(29:40,:) = ones(12,1)*[0.42, 0.53];
Cn(41:60,:) = ones(20,1)*[0.65, 0.82];
Cn(61:72,:) = ones(12,1)*[0.42, 0.53];
Cn(73:84,:) = ones(12,1)*[0.65, 0.82];
Cn(85:96,:) = ones(12,1)*[0.42, 0.53];

